# oST version 5.0 parameters


[image]

width
1920

height
1080

[narrow_stereo]

camera matrix
1179.598752 0.000000 928.099247
0.000000 1177.000389 558.635461
0.000000 0.000000 1.000000

distortion
0.061957 -0.124832 0.002573 -0.004753 0.000000

rectification
1.000000 0.000000 0.000000
0.000000 1.000000 0.000000
0.000000 0.000000 1.000000

projection
1156.897217 0.000000 908.598013 0.000000
0.000000 1188.634277 561.054263 0.000000
0.000000 0.000000 1.000000 0.000000
